# reader BiasOpt SigmaOpt 
       1       0        7            
       2       1        7            
       3       1        7           
       4       1        7            
       5       1        7              
       6       1        7  
       7       1        7
       8       1        7
       
Bias_Pars (low high init, on/off)  
-10 10 1 1  
-10 10 1 1  
-10 10 1 1  
-10 10 1 1  
-10 10 1 1  
-10 10 1 1  
-10 10 1 1  


Sigma_Pars (low high init, on/off)  
0.01 100 1 1
0.01 100 0.01 1
0.01 100 1 1
0.01 100 0.01 1
0.01 100 1 1
0.01 100 0.01 1
0.01 100 1 1
0.01 100 0.01 1
0.01 100 1 1
0.01 100 0.01 1
0.01 100 1 1
0.01 100 0.01 1
0.01 100 1 1
0.01 100 0.01 1
0.01 100 1 1
0.01 100 0.01 1
