Range_of_ages
0 23

Data_set_1
427                                   # data points
7                                    # readers
2 17 3                               # minus group; plus group; reference age
   1  2  3  4  5  6  7
2  -999  -999  -999  -999  -999  -999  -999
1  -999  7  7  -999  7  5  6
1  -999  4  7  -999  10 7  4
1  2  2  2  2  2  2  2
1  2  2  2  2  3  3  3
1  3  3  3  2  3  3  3
1  3  4  4  2  4  3  3
1  3  3  4  3  2  3  3
1  3  3  3  3  3  2  3
1  3  3  3  3  3  3  2
14 3  3  3  3  3  3  3
1  2  3  4  3  3  3  3
13 3  3  4  3  3  3  3
2  4  3  4  3  3  3  3
1  3  3  5  3  3  4  3
2  3  4  3  3  3  3  3
1  -999  3  4  3  4  4  4
1  3  3  4  3  4  3  3
1  3  3  5  3  4  4  4
1  3  3  4  3  5  3  4
1  3  4  4  3  5  2  3
1  4  4  5  3  5  3  3
1  4  4  4  4  3  3  3
1  4  4  4  4  3  3  4
1  4  3  4  4  4  3  3
1  4  3  4  4  4  4  4
1  4  4  3  4  4  4  4
1  3  4  4  4  4  3  3
21 4  4  4  4  4  4  4
1  5  4  4  4  4  4  4
4  4  4  5  4  4  4  4
1  4  6  4  4  4  3  3
1  4  6  5  4  4  4  5
1  3  3  4  4  5  4  4
6  4  4  4  4  5  4  4
1  4  4  4  4  5  4  5
1  5  4  4  4  5  4  4
1  5  4  5  4  5  4  4
1  5  4  5  4  5  4  5
1  5  4  6  4  5  5  5
1  4  5  4  4  5  4  4
1  4  5  4  4  5  4  9
1  3  5  5  4  5  4  3
1  4  5  5  4  5  4  4
1  5  5  5  4  5  4  5
1  5  5  5  4  5  5  5
1  5  6  5  4  5  4  4
1  4  4  4  4  6  4  4
1  4  4  5  4  6  4  6
1  5  5  5  4  6  4  4
1  6  5  5  4  6  6  5
1  5  7  7  4  6  6  5
1  5  5  6  4  8  5  5
1  4  4  6  5  4  4  4
1  4  5  5  5  4  4  4
1  5  5  5  5  4  4  5
1  7  5  5  5  4  5  5
1  5  4  5  5  5  4  4
1  4  4  6  5  5  5  4
1  4  5  5  5  5  5  4
1  5  5  5  5  5  4  5
1  5  5  5  5  5  5  4
18 5  5  5  5  5  5  5
1  5  5  5  5  5  5  6
1  5  5  5  5  5  6  5
6  5  5  6  5  5  5  5
1  5  5  6  5  5  6  5
1  6  5  6  5  5  5  5
1  5  5  7  5  5  5  5
1  6  6  5  5  5  5  5
1  5  6  6  5  5  5  4
1  5  6  6  5  5  5  5
1  5  4  5  5  6  4  5
2  5  4  5  5  6  5  5
2  5  5  5  5  6  4  5
3  5  5  5  5  6  5  5
1  5  5  5  5  6  6  5
2  6  5  5  5  6  5  5
2  5  5  6  5  6  5  5
1  5  5  6  5  6  6  5
1  6  5  7  5  6  6  6
1  6  6  5  5  6  5  5
1  5  6  6  5  6  5  5
1  6  6  6  5  6  5  5
1  6  6  7  5  6  5  5
1  5  5  6  5  7  6  6
1  6  5  6  5  7  5  5
1  6  6  6  5  7  5  6
1  6  7  6  5  8  5  6
1  6  7  6  5  8  6  6
1  6  5  7  5  9  6  8
1  7  8  7  5  9  6  6
1  6  6  5  5  10 5  6
1  7  7  6  6  -999  6  6
2  6  5  5  6  6  5  5
1  6  5  5  6  6  5  6
1  6  5  5  6  6  6  5
1  6  5  6  6  6  5  5
1  5  5  7  6  6  5  5
1  5  6  5  6  6  6  6
1  6  6  5  6  6  5  6
1  6  6  5  6  6  5  9
1  6  6  5  6  6  6  6
1  5  6  6  6  6  5  6
1  6  6  6  6  6  5  6
1  6  6  6  6  6  6  5
12 6  6  6  6  6  6  6
1  7  6  6  6  6  7  6
1  6  6  7  6  6  5  5
1  6  6  7  6  6  6  5
1  6  6  7  6  6  6  9
1  7  6  7  6  6  6  9
1  6  6  8  6  6  6  6
1  7  7  6  6  6  6  6
1  7  7  7  6  6  6  6
1  7  7  7  6  6  8  6
1  6  5  5  6  7  5  5
2  6  6  5  6  7  6  6
2  6  6  6  6  7  5  6
3  6  6  6  6  7  6  6
1  6  6  6  6  7  7  6
1  7  6  6  6  7  7  7
1  6  6  7  6  7  5  7
1  7  6  7  6  7  5  6
1  7  6  7  6  7  6  6
2  7  6  7  6  7  7  7
1  6  7  6  6  7  6  6
1  7  7  6  6  7  5  6
1  7  7  6  6  7  6  6
1  7  7  6  6  7  6  7
1  6  7  7  6  7  5  6
1  7  7  7  6  7  6  6
2  7  7  7  6  7  6  7
1  6  6  5  6  8  6  5
2  6  6  6  6  8  6  6
1  7  6  6  6  8  7  6
1  7  6  7  6  8  7  6
1  6  7  5  6  8  7  7
1  6  7  6  6  8  6  6
2  8  7  6  6  8  6  6
1  8  7  7  6  8  6  7
1  10 7  7  6  8  8  8
1  8  8  7  6  8  5  6
1  6  6  6  6  9  6  8
1  10 7  6  6  9  8  7
1  8  7  7  6  10 10 9
1  8  7  8  6  10 7  7
1  -999  8  7  6  10 7  9
1  8  8  8  6  10 9  8
1  6  6  6  7  6  6  6
1  8  6  6  7  6  6  6
1  7  7  7  7  6  6  7
1  6  6  5  7  7  6  5
1  7  6  6  7  7  7  7
1  7  6  7  7  7  6  6
1  7  6  7  7  7  7  7
1  8  6  7  7  7  5  7
1  9  6  7  7  7  8  8
1  7  6  9  7  7  7  7
1  6  7  6  7  7  7  7
3  7  7  6  7  7  6  7
1  6  7  7  7  7  6  6
1  7  7  7  7  7  6  7
1  7  7  7  7  7  7  6
4  7  7  7  7  7  7  7
1  9  7  7  7  7  8  7
1  8  8  7  7  7  7  7
1  9  8  9  7  7  8  8
1  7  5  7  7  8  7  6
1  7  6  7  7  8  6  7
2  7  6  7  7  8  7  7
1  8  6  7  7  8  7  6
1  8  6  7  7  8  8  8
1  7  7  6  7  8  6  6
1  7  7  7  7  8  7  5
2  7  7  7  7  8  7  7
1  7  7  7  7  8  7  9
2  7  7  7  7  8  8  8
1  8  7  7  7  8  7  7
1  8  7  7  7  8  7  8
1  7  7  8  7  8  7  7
2  8  7  8  7  8  8  7
1  8  7  10 7  8  8  6
1  7  8  5  7  8  7  7
1  7  8  7  7  8  7  7
1  7  8  7  7  8  8  7
1  8  8  7  7  8  7  8
2  8  8  7  7  8  8  7
1  7  8  9  7  8  8  7
1  7  9  6  7  8  9  9
1  7  9  7  7  8  7  8
1  8  10 8  7  8  8  8
1  7  6  7  7  9  7  8
1  7  6  7  7  9  8  8
1  7  6  8  7  9  7  8
1  9  6  8  7  9  8  8
1  7  7  7  7  9  7  7
1  8  7  7  7  9  7  6
1  7  7  8  7  9  8  8
1  8  7  8  7  9  8  6
1  7  8  7  7  9  7  7
1  8  8  7  7  9  7  7
1  8  8  7  7  9  8  7
2  8  8  8  7  9  7  7
1  8  8  8  7  9  8  8
1  8  8  8  7  9  8  10
1  9  8  8  7  9  9  8
1  10 8  8  7  9  7  8
2  8  8  9  7  9  8  8
1  8  9  6  7  9  7  6
1  7  9  7  7  9  8  8
1  6  9  8  7  9  7  9
1  8  9  8  7  9  9  8
1  7  9  9  7  9  9  9
1  8  10 9  7  9  7  8
1  7  7  8  7  10 8  7
1  9  7  8  7  10 8  9
1  9  8  8  7  10 8  7
1  9  9  7  7  10 8  7
1  9  9  9  7  10 9  9
1  7  8  8  7  11 8  7
1  10 8  9  7  11 8  8
1  9  8  10 7  11 9  8
1  10 -999  9  8  -999  10 9
1  8  6  7  8  7  7  8
1  9  7  6  8  7  8  8
1  7  9  8  8  7  7  7
1  10 11 8  8  7  9  8
1  7  6  7  8  8  8  6
1  8  6  8  8  8  7  7
1  8  7  8  8  8  6  7
1  8  7  8  8  8  8  8
1  9  7  8  8  8  8  7
1  9  7  8  8  8  8  8
1  7  8  7  8  8  6  8
1  8  8  7  8  8  8  8
1  8  8  8  8  8  7  8
3  8  8  8  8  8  8  7
2  8  8  8  8  8  8  8
2  9  8  8  8  8  8  8
1  8  8  9  8  8  8  8
1  8  8  9  8  8  9  7
1  8  9  8  8  8  8  7
1  8  9  9  8  8  8  9
1  8  9  9  8  8  9  8
1  8  10 8  8  8  7  7
1  11 11 8  8  8  8  8
1  9  11 9  8  8  8  8
1  7  6  8  8  9  8  7
1  7  7  7  8  9  7  7
1  9  7  8  8  9  9  7
1  8  8  7  8  9  8  9
1  8  8  8  8  9  7  7
2  8  8  8  8  9  8  8
2  9  8  8  8  9  8  8
1  8  8  9  8  9  7  8
1  8  8  9  8  9  8  8
1  8  8  9  8  9  8  9
1  8  8  9  8  9  9  9
1  9  8  9  8  9  8  7
1  9  8  9  8  9  8  8
1  9  8  9  8  9  8  9
1  8  9  8  8  9  8  6
2  8  9  8  8  9  9  8
1  8  9  8  8  9  9  9
1  9  9  8  8  9  8  7
1  9  9  9  8  9  9  8
1  9  9  9  8  9  9  9
1  8  9  10 8  9  8  9
1  11 10 8  8  9  8  10
1  8  10 10 8  9  8  9
1  7  7  8  8  10 8  8
1  8  8  7  8  10 10 10
1  9  8  7  8  10 8  8
2  9  8  8  8  10 8  8
1  9  9  8  8  10 8  7
1  9  9  8  8  10 8  8
1  8  9  9  8  10 8  9
1  10 9  9  8  10 8  10
1  8  9  10 8  10 9  10
1  7  8  8  8  11 8  7
1  9  8  10 8  11 8  8
1  10 8  10 8  11 8  7
1  8  9  9  8  11 8  9
1  9  10 8  8  11 10 12
1  10 10 10 8  11 10 9
1  9  12 10 8  11 8  8
1  10 10 9  8  12 9  8
1  10 9  8  8  13 9  9
1  9  8  8  9  8  8  8
1  9  9  8  9  8  9  8
1  8  6  7  9  9  8  7
1  9  7  7  9  9  9  8
1  10 7  8  9  9  9  9
2  9  8  8  9  9  8  8
1  9  8  9  9  9  8  7
1  8  9  8  9  9  8  9
1  9  9  8  9  9  8  8
1  9  9  8  9  9  8  9
1  9  9  9  9  9  8  8
1  9  9  9  9  9  8  9
1  10 9  9  9  9  11 11
1  9  10 8  9  9  8  9
1  10 10 8  9  9  9  9
1  8  8  8  9  10 7  9
1  8  8  8  9  10 8  8
1  8  8  8  9  10 8  11
1  9  8  9  9  10 9  8
1  10 8  10 9  10 9  9
1  9  9  8  9  10 8  9
1  9  9  9  9  10 8  9
1  10 9  9  9  10 10 10
1  11 9  9  9  10 8  10
1  8  9  10 9  10 9  8
1  9  10 8  9  10 9  9
1  10 10 8  9  10 8  8
1  9  10 9  9  10 10 9
1  10 10 9  9  10 9  10
1  10 10 10 9  10 10 6
1  10 11 9  9  10 8  10
1  8  7  8  9  11 8  7
1  10 8  8  9  11 8  9
1  10 9  8  9  11 8  9
1  9  9  9  9  11 10 10
1  10 10 8  9  11 8  9
1  10 10 9  9  11 8  9
1  10 10 10 9  11 10 7
1  11 10 10 9  11 8  9
1  11 10 11 9  11 9  10
1  11 10 11 9  11 10 11
1  9  11 10 9  11 9  9
1  10 11 10 9  11 10 10
1  11 11 10 9  11 8  8
1  11 11 11 9  11 8  10
1  11 11 11 9  11 10 9
1  12 10 10 9  12 10 11
1  11 11 10 9  12 10 10
1  13 11 11 9  12 11 11
1  11 12 12 9  12 11 10
1  10 7  11 9  13 11 10
1  11 11 11 9  13 10 11
1  12 14 14 9  13 12 12
1  11 9  11 9  14 9  9
1  12 14 15 9  16 11 14
1  10 7  8  10 8  8  9
1  8  8  9  10 9  9  9
1  12 8  10 10 9  11 9
1  9  9  8  10 9  8  8
1  11 11 10 10 9  9  10
1  9  9  8  10 10 10 9
1  10 10 8  10 10 9  9
1  8  10 9  10 10 9  9
1  9  10 10 10 10 9  9
1  10 10 10 10 10 9  9
1  8  11 9  10 10 11 11
1  9  11 9  10 10 9  9
1  11 11 11 10 10 11 10
1  9  8  10 10 11 9  9
1  10 9  8  10 11 9  10
1  10 9  9  10 11 9  10
1  10 9  9  10 11 11 10
1  10 9  10 10 11 10 10
1  11 10 9  10 11 9  9
1  11 10 10 10 11 10 9
1  11 10 11 10 11 10 10
1  10 11 9  10 11 10 9
1  10 11 10 10 11 10 9
1  10 11 10 10 11 11 12
1  11 11 10 10 11 11 11
1  12 12 11 10 11 11 9
1  9  8  12 10 12 9  10
1  11 9  10 10 12 11 10
1  10 11 10 10 12 10 6
1  10 11 10 10 12 10 9
1  11 11 11 10 12 11 11
1  12 13 13 10 12 10 11
1  11 10 11 10 13 9  9
1  12 11 10 10 13 12 13
1  12 12 12 10 13 12 13
1  12 12 12 10 13 13 13
1  13 13 12 10 13 12 12
1  12 15 15 10 13 12 13
1  13 11 11 10 14 10 11
1  11 12 10 10 14 11 14
1  14 12 12 10 14 12 13
1  11 8  11 10 16 12 12
1  10 7  9  11 9  9  12
1  11 10 12 11 10 12 10
1  10 8  11 11 11 8  9
1  10 8  15 11 11 9  9
1  11 13 13 11 11 12 12
1  11 9  9  11 12 9  15
1  11 10 11 11 12 12 11
1  12 11 9  11 12 12 12
1  10 11 10 11 12 12 11
1  11 12 9  11 12 12 5
1  12 12 9  11 12 12 11
1  11 8  12 11 13 11 11
1  12 12 10 11 13 10 10
1  12 12 10 11 13 11 11
1  12 13 11 11 13 12 11
1  14 16 12 11 13 12 12
1  10 10 11 11 14 12 11
1  12 14 12 11 14 12 12
1  12 17 12 11 14 13 13
1  12 12 11 11 15 14 13
1  12 11 12 12 11 11 10
1  12 11 11 12 12 10 11
1  12 11 11 12 12 11 12
1  10 11 12 12 12 12 11
1  11 12 11 12 12 13 12
1  11 12 13 12 12 12 9
1  11 11 12 12 13 12 15
1  11 12 10 12 13 12 11
1  12 12 11 12 13 12 11
1  13 12 11 12 13 12 12
1  9  12 12 12 13 10 10
1  12 13 12 12 13 12 14
1  11 14 13 12 13 11 12
1  13 10 12 12 14 12 11
1  12 11 12 12 14 12 12
1  15 13 14 12 14 13 13
1  12 13 14 13 12 12 13
1  13 12 12 13 14 11 11
1  14 16 14 13 15 15 11
1  14 15 15 14 9  14 14
1  14 13 13 14 14 13 14

-999 -999 -999 -999 -999 -999 -999 -999
