# reader BiasOpt SigmaOpt 
1 0 7 
2 2 7 
3 2 7 
4 2 7 
5 2 7 
6 2 7 
7 2 7 
   
Bias_Pars (low high init, on/off)   
0.001 10 1 -1
-10 10 0.01 1
0.001 100 10 1
0.001 10 1 -1
-10 10 0.01 1
0.001 100 10 1
0.001 10 1 -1
-10 10 0.01 1
0.001 100 10 1
0.001 10 1 -1
-10 10 0.01 1
0.001 100 10 1
0.001 10 1 -1
-10 10 0.01 1
0.001 100 10 1
0.001 1 1 -1
-10 10 0.01 1
0.001 100 10 1
   
Sigma_Pars (low high init, on/off)   
0.001 100 1 1
0.001 100 0.01 1
0.001 100 1 1
0.001 100 0.01 1
0.001 100 1 1
0.001 100 0.01 1
0.001 100 1 1
0.001 100 0.01 1
0.001 100 1 1
0.001 100 0.01 1
0.001 100 1 1
0.001 100 0.01 1
0.001 100 1 1
0.001 100 0.01 1
   
